997
179 15
906 769
380 326
247 129
460 69
767 594
523 510
15 64
581 16
34 49
799 226
563 307
32 198
408 880
256 284
335 269
38 709
369 31
434 27
606 792
26 160
8 27
100 104
41 406
145 351
365 270
599 547
111 45
12 6
734 243
18 15
731 92
39 445
409 892
232 899
55 371
764 558
191 402
629 413
621 317
153 86
562 773
359 222
41 47
45 169
355 268
112 20
164 561
632 621
95 197
279 228
334 475
146 436
497 286
44 105
704 88
400 412
10 266
249 588
107 449
218 31
637 781
983 775
546 140
914 556
503 729
201 413
233 15
820 499
208 202
567 743
151 141
273 508
299 199
201 70
939 919
165 238
701 527
988 990
283 947
99 10
258 311
327 27
897 795
530 398
5 54
8 4
211 516
339 186
816 120
38 214
633 630
195 23
126 503
175 483
522 638
973 477
634 104
18 827
14 6
590 822
481 700
728 332
933 425
23 142
484 66
210 253
115 715
684 135
344 198
666 920
636 793
138 10
596 626
258 300
282 158
608 122
417 896
116 276
28 550
399 199
852 722
54 239
35 120
100 193
296 421
234 6
577 645
978 967
374 352
553 659
67 56
115 156
741 317
95 749
719 62
128 808
744 645
392 66
7 966
29 824
574 296
835 843
553 917
952 131
478 965
21 118
151 248
523 884
246 89
861 441
407 275
302 202
372 26
502 498
155 528
662 157
321 188
36 240
394 319
454 30
235 427
831 934
600 58
616 286
15 435
232 269
380 517
43 100
286 198
52 162
202 50
687 331
368 670
244 308
661 735
12 79
102 94
604 501
855 551
6 87
77 1
420 815
145 249
717 351
40 21
66 15
303 692
471 15
828 391
84 870
636 238
572 591
170 565
101 452
736 188
332 378
485 344
44 437
392 410
385 927
178 305
336 248
48 83
194 163
919 149
804 645
689 100
681 988
479 765
573 137
259 219
68 928
893 996
740 902
174 106
50 60
177 352
675 362
154 186
34 262
748 77
771 726
809 748
461 391
55 33
643 273
634 940
172 358
731 753
127 121
212 878
972 732
95 152
313 367
115 91
101 244
67 220
105 644
81 65
41 274
533 681
594 187
146 833
155 95
549 838
362 98
205 130
589 610
31 78
50 28
348 534
30 287
39 730
206 188
327 895
477 144
411 513
68 57
91 210
30 547
160 766
997 26
468 17
268 86
857 500
86 53
338 203
779 34
86 132
28 19
847 508
46 34
663 644
652 302
296 139
300 859
905 3
894 991
610 932
323 228
35 53
653 518
306 356
823 194
287 871
210 332
97 664
672 95
472 396
486 510
115 403
143 60
67 227
11 580
498 158
31 21
52 228
34 72
400 38
408 582
976 761
191 81
318 94
177 217
191 562
180 315
512 901
543 314
120 981
495 377
183 224
778 50
574 891
177 12
82 31
72 185
883 649
669 336
673 358
26 44
196 570
4 361
28 42
47 589
237 127
270 110
333 759
312 10
117 95
549 202
593 449
587 586
575 321
762 638
431 868
379 583
336 612
338 785
100 887
300 622
548 57
191 942
22 221
14 116
712 681
786 57
603 58
375 228
760 414
762 994
26 62
613 254
665 104
33 35
777 992
241 453
48 58
726 403
148 29
241 228
518 269
229 157
420 800
373 69
718 233
865 199
889 726
314 491
84 18
867 183
15 1
668 678
273 118
125 50
796 7
422 506
178 677
479 4
178 164
106 96
626 842
88 22
195 388
235 533
755 834
900 941
701 725
845 212
657 431
918 178
279 309
270 977
107 70
43 124
137 448
647 40
48 187
315 409
69 404
875 436
391 395
544 770
319 253
668 666
537 683
127 913
686 67
371 890
590 267
89 32
155 163
596 139
3 566
863 412
225 204
428 50
813 835
581 658
130 29
763 134
386 695
350 525
255 393
860 440
504 84
877 434
776 645
348 535
30 94
298 9
300 739
226 207
252 19
24 3
360 541
171 288
275 128
457 455
713 206
418 403
625 900
216 909
101 86
440 152
175 35
303 278
851 175
37 51
9 1
945 939
552 505
126 55
250 732
110 78
881 272
628 403
385 650
167 28
199 174
297 296
831 203
412 601
625 989
101 473
882 476
794 402
347 169
284 451
224 267
300 727
264 132
290 100
254 444
282 301
5 219
139 98
414 262
1 2
82 751
768 508
133 135
322 242
467 128
364 139
706 152
386 351
318 411
258 387
38 8
336 501
509 165
975 265
150 456
496 326
219 507
261 360
675 795
165 141
28 368
73 53
611 722
442 545
661 72
510 514
254 52
96 213
125 747
984 929
405 66
486 347
801 229
469 250
879 726
1 23
592 44
922 235
682 423
235 145
286 313
71 69
94 131
18 122
271 584
39 19
93 87
1 26
957 563
740 179
625 262
208 277
203 256
230 257
413 711
241 720
465 437
522 353
36 8
937 545
250 47
607 587
4 57
694 391
83 924
329 923
433 326
422 466
874 664
619 967
667 219
70 774
145 953
83 343
102 688
675 805
742 565
656 79
251 306
982 554
31 168
154 121
761 405
421 936
1 69
238 752
134 810
87 651
521 393
71 161
132 737
278 493
925 64
121 83
803 412
648 477
832 583
159 122
204 230
391 782
705 696
42 56
374 789
574 745
280 455
20 176
44 963
13 109
133 463
9 21
2 13
2 41
140 83
307 489
517 746
630 840
666 625
254 450
24 377
54 133
16 2
59 91
336 567
528 537
627 289
84 137
372 836
866 298
108 577
708 408
515 453
929 968
215 384
5 1
505 467
8 76
20 29
660 93
806 608
39 236
181 35
161 255
390 228
903 647
736 948
114 36
94 222
145 14
23 812
391 57
468 985
614 112
272 22
349 102
292 20
164 671
401 307
144 69
194 211
107 462
331 268
10 11
848 822
15 48
75 74
244 478
67 85
830 671
618 231
438 553
642 54
12 45
856 255
164 693
76 231
817 787
320 236
970 883
177 329
654 133
26 33
681 790
721 405
538 31
289 72
811 496
261 226
329 685
371 829
357 274
192 111
144 750
159 443
646 238
538 783
123 5
494 551
482 155
138 216
557 825
446 257
374 529
723 64
597 280
697 959
912 405
337 164
888 844
167 353
291 182
208 904
212 425
539 490
40 43
944 626
67 172
21 171
42 97
481 674
475 639
908 334
313 559
173 160
179 557
102 204
293 68
128 15
860 893
33 304
555 264
481 27
188 31
89 278
438 346
715 872
814 141
184 43
915 350
355 397
207 333
690 876
95 78
98 92
96 631
844 150
946 657
328 122
798 691
3 10
926 376
515 885
423 78
554 479
578 297
23 164
576 228
182 133
8 113
213 295
291 929
339 641
772 474
264 802
366 63
18 363
113 119
494 459
70 531
115 310
853 829
465 488
419 185
935 487
80 11
201 265
199 200
350 348
85 92
416 405
703 416
161 180
148 690
470 244
166 961
213 447
467 679
691 421
346 332
74 71
516 595
98 342
96 11
417 403
680 233
776 858
105 697
34 150
332 370
511 335
6 3
279 869
910 862
133 294
43 281
115 170
1 4
652 784
691 756
80 979
354 141
151 251
911 19
87 376
422 359
960 637
551 579
938 237
969 186
611 954
209 134
974 35
655 294
345 141
24 480
571 233
512 285
360 619
490 301
316 564
334 226
958 836
572 234
389 125
314 219
283 92
215 92
330 172
260 213
383 350
268 381
99 602
37 26
351 458
138 408
252 921
544 569
149 611
154 232
79 519
223 162
147 87
263 259
41 103
219 476
579 758
5 20
850 280
371 558
818 544
9 22
70 7
7 474
162 707
649 524
379 157
258 93
81 620
236 542
58 63
32 34
108 86
699 332
72 624
502 862
589 630
271 239
635 540
321 791
212 31
930 836
911 971
30 429
146 38
341 228
392 585
421 520
964 821
398 313
204 738
93 556
61 9
141 124
4 7
318 993
931 460
787 171
586 178
733 224
819 742
467 849
606 955
183 532
80 189
192 459
242 108
943 348
243 38
478 499
307 84
100 606
788 276
864 27
430 426
598 94
112 136
210 285
28 280
439 258
623 386
560 357
316 43
956 529
340 29
409 854
980 405
487 257
328 898
7 183
3 2
152 637
724 356
71 149
464 351
693 894
962 163
120 949
431 102
263 797
172 245
59 48
780 288
710 358
185 196
763 886
536 119
7 52
77 821
348 88
441 5
25 32
605 365
527 392
325 70
19 1
526 423
916 456
9 30
308 676
565 568
215 995
17 10
826 452
45 129
769 316
174 813
678 837
755 362
531 617
698 580
839 36
163 609
644 696
987 12
651 951
41 90
385 286
207 112
907 812
777 144
474 986
500 360
7 524
118 203
640 183
65 17
93 134
116 157
175 326
158 109
268 846
25 5
84 442
123 432
873 225
166 4
544 507
126 415
757 235
775 193
724 754
708 714
807 419
